#Résultats bruts de l'abondance de mutation du gène TP53 selon la feature centerID, normalisée par le gène de ménage TBP.
#Test d'hypothèse de différence significative entre les moyennes des groupes
#p-value = 0.000000 avec le test ANOVA
 Abundance   TotalKmers  NormalizedExpression centerID
 22.448276 8.352852e+09              2.687498        2
 77.586207 4.643957e+09             16.706919        1
376.275862 9.789722e+09             38.435808        1
516.620690 8.747321e+09             59.060449        8
125.482759 6.058733e+09             20.711057        1
 52.620690 7.093041e+09              7.418636        1
 17.724138 9.354307e+09              1.894757        5
 76.655172 7.188095e+09             10.664185        1
309.379310 8.617071e+09             35.903069        1
260.551724 1.207313e+10             21.581119        1
 84.448276 9.109860e+09              9.269986        8
320.275862 9.745327e+09             32.864556        1
411.862069 5.350324e+09             76.978908        1
 14.037037 7.646813e+09              1.835672        3
 37.517241 7.974097e+09              4.704889        6
 40.827586 7.839564e+09              5.207890        2
 80.551724 6.065394e+09             13.280543        4
 94.896552 9.697777e+09              9.785392        1
 12.727273 8.909130e+09              1.428565        3
135.827586 1.126770e+10             12.054593        1
124.896552 1.130116e+10             11.051659        1
 46.689655 1.173747e+10              3.977828        1
 45.931034 5.786196e+09              7.938037        1
 19.551724 1.072766e+10              1.822552        1
 65.793103 8.923147e+09              7.373307        1
107.344828 7.232959e+09             14.841067        1
 24.586207 6.109573e+09              4.024210        4
 16.517241 9.682106e+09              1.705955        5
170.137931 9.651607e+09             17.627939        1
 18.000000 9.835948e+09              1.830022        7
157.655172 6.065394e+09             25.992569        4
374.000000 9.789722e+09             38.203334        1
 34.206897 8.141680e+09              4.201454        3
612.931034 1.098682e+10             55.787868        3
375.689655 8.693196e+09             43.216518        3
 79.275862 6.204715e+09             12.776712        1
212.206897 1.086433e+10             19.532437        1
315.206897 6.572317e+09             47.959780        1
 44.896552 9.682106e+09              4.637064        5
105.448276 7.970342e+09             13.230081        3
 95.896552 6.907665e+09             13.882630        2
145.965517 6.829888e+09             21.371583        1
 23.517241 8.350758e+09              2.816180        2
191.827586 9.483174e+09             20.228205        1
 22.448276 1.192939e+10              1.881763        5
 46.758621 8.977505e+09              5.208420        2
 40.620690 7.030049e+09              5.778151        2
 23.517241 8.531157e+09              2.756630        3
 44.586207 8.812339e+09              5.059520        2
642.586207 1.182556e+10             54.338770        1
 59.241379 7.467501e+09              7.933227        2
209.517241 6.916062e+09             30.294297        1
183.103448 5.751399e+09             31.836332        1
230.241379 5.850998e+09             39.350790        1
 83.413793 9.492673e+09              8.787176        2
 66.379310 5.578305e+09             11.899549        2
182.758621 1.143744e+10             15.978983        1
 67.448276 5.986453e+09             11.266818        1
321.655172 5.860219e+09             54.887911        1
225.206897 1.458903e+10             15.436727        4
 50.896552 7.965646e+09              6.389507        1
 70.379310 8.340798e+09              8.437959        1
 55.586207 5.411534e+09             10.271802        1
 22.068966 8.011331e+09              2.754719        1
 37.413793 6.152350e+09              6.081220        1
404.655172 8.617071e+09             46.959710        1
181.793103 8.579946e+09             21.188140        1
161.000000 7.958003e+09             20.231207        2
440.172414 9.070957e+09             48.525464        3
255.275862 7.232959e+09             35.293422        1
115.206897 5.670167e+09             20.318077        1
 91.517241 8.731695e+09             10.481040        6
149.517241 6.124994e+09             24.411003        3
205.241379 7.132607e+09             28.775086        1
107.965517 7.355166e+09             14.678870        1
155.965517 9.344986e+09             16.689754        1
282.275862 1.003396e+10             28.132044        1
717.275862 1.428796e+10             50.201420        1
 25.655172 6.109573e+09              4.199176        4
183.827586 6.639299e+09             27.687801        3
107.965517 4.588512e+09             23.529526        1
437.724138 8.749191e+09             50.030243        1
103.482759 9.008421e+09             11.487336        2
348.448276 7.588827e+09             45.915960        1
320.862069 5.350324e+09             59.970591        1
273.827586 1.419232e+10             19.294064        1
302.137931 1.234512e+10             24.474280        1
 47.034483 9.053483e+09              5.195181        5
 39.275862 7.814987e+09              5.025711        4
377.862069 9.414387e+09             40.136663        1
251.137931 6.590222e+09             38.107661        1
189.793103 6.142994e+09             30.895863        1
 63.068966 6.968782e+09              9.050213        3
250.413793 8.745010e+09             28.635049        1
 96.206897 7.974097e+09             12.064926        6
232.000000 1.207313e+10             19.216222        1
110.137931 6.675530e+09             16.498754        2
199.758621 6.443114e+09             31.003427        1
269.793103 8.101218e+09             33.302784        1
141.758621 7.267595e+09             19.505574        4
221.862069 8.933638e+09             24.834459        1
 65.275862 9.470333e+09              6.892668        3
 45.965517 9.250500e+09              4.968976        5
 12.827586 7.196731e+09              1.782419        4
149.655172 6.171712e+09             24.248568        3
146.896552 8.486195e+09             17.310062        6
132.068966 7.871317e+09             16.778510        2
 79.206897 8.495132e+09              9.323799        3
 86.034483 5.633341e+09             15.272374        1
133.931034 8.510533e+09             15.737092        1
110.724138 5.835413e+09             18.974515        1
187.103448 7.031968e+09             26.607552        3
 24.034483 7.859985e+09              3.057828        6
231.344828 8.873211e+09             26.072279        1
 28.137931 9.429462e+09              2.984044        5
500.965517 9.177622e+09             54.585549        1
210.379310 7.726760e+09             27.227363        1
313.482759 1.422772e+10             22.033242        2
 35.034483 9.399235e+09              3.727376        2
325.758621 6.832622e+09             47.676953        1
109.000000 6.861597e+09             15.885516        2
236.344828 1.369088e+10             17.262937        1
141.448276 8.054348e+09             17.561728        1
 39.551724 4.867079e+09              8.126379        3
309.931034 6.550759e+09             47.312235        1
 65.310345 9.689788e+09              6.740121        2
898.931034 1.074916e+10             83.628049        5
284.413793 5.989376e+09             47.486378        1
142.310345 7.188095e+09             19.798061        1
 48.931034 6.490190e+09              7.539230        5
645.620690 9.789722e+09             65.948830        1
251.758621 8.496488e+09             29.630905        3
246.275862 7.182719e+09             34.287276        1
 52.379310 9.170928e+09              5.711451        1
645.448276 8.712778e+09             74.080656        2
107.206897 6.313854e+09             16.979630        4
 42.620690 7.091594e+09              6.010029        2
 30.068966 6.033397e+09              4.983754        2
225.448276 7.183179e+09             31.385587        1
 59.758621 7.895416e+09              7.568774        2
135.172414 7.145735e+09             18.916517        1
475.482759 9.272545e+09             51.278558        1
 19.517241 6.517612e+09              2.994539        5
190.413793 7.219227e+09             26.375927        1
174.620690 6.779597e+09             25.756796        1
 11.758621 5.952865e+09              1.975288        2
 38.482759 9.136029e+09              4.212198        5
134.275862 5.463356e+09             24.577544        1
132.551724 5.429623e+09             24.412694        1
 38.482759 6.764061e+09              5.689298        2
314.068966 1.047339e+10             29.987330        1
322.413793 1.019550e+10             31.623162        3
 40.551724 6.960387e+09              5.826073        4
158.724138 7.820031e+09             20.297123        5
 37.413793 5.476180e+09              6.832097        4
176.827586 1.227116e+10             14.410014        3
 14.965517 8.352852e+09              1.791666        2
 44.896552 4.687717e+09              9.577488        5
413.241379 9.825842e+09             42.056587        1
 21.379310 6.278038e+09              3.405413        4
 29.137931 6.807601e+09              4.280206        4
170.689655 9.666895e+09             17.657134        1
 25.275862 7.400454e+09              3.415447        2
 37.413793 6.464380e+09              5.787684        4
285.034483 5.575294e+09             51.124562        1
136.931034 9.607272e+09             14.252852        1
111.793103 6.058733e+09             18.451565        1
 89.793103 8.033235e+09             11.177701        5
141.103448 7.004248e+09             20.145410        3
499.965517 8.254983e+09             60.565303        3
158.103448 7.863224e+09             20.106694        2
112.344828 4.761447e+09             23.594682        1
123.344828 6.892596e+09             17.895263        5
174.103448 8.690531e+09             20.033696        3
346.206897 8.954781e+09             38.661681        1
236.344828 8.178035e+09             28.899953        1
 32.068966 6.261959e+09              5.121236        4
 69.724138 8.864826e+09              7.865257        4
144.551724 7.420922e+09             19.478944        1
 84.448276 4.643957e+09             18.184553        1
188.137931 8.137579e+09             23.119645        1
 72.103448 9.451593e+09              7.628709        1
235.724138 6.586923e+09             35.786686        1
232.241379 6.979146e+09             33.276475        1
 55.551724 7.175056e+09              7.742340        4
421.344828 8.405221e+09             50.128943        3
132.379310 9.795604e+09             13.514155        1
137.655172 6.648353e+09             20.705154        1
 21.103448 5.190688e+09              4.065636        4
 73.758621 6.701910e+09             11.005611        1
266.793103 9.291569e+09             28.713460        1
138.448276 4.572093e+09             30.281158        1
176.413793 8.914914e+09             19.788613        1
248.724138 7.201539e+09             34.537637        1
292.206897 6.302852e+09             46.361061        1
 62.482759 8.167692e+09              7.649990        4
200.517241 9.534414e+09             21.030894        6
 56.655172 5.843420e+09              9.695550        2
 64.965517 9.576597e+09              6.783779        1
121.862069 6.970849e+09             17.481667        3
161.413793 7.309448e+09             22.082898        1
 58.275862 6.503777e+09              8.960311        2
185.482759 7.654277e+09             24.232563        1
225.551724 1.077170e+10             20.939290        1
 28.862069 6.077615e+09              4.748914        2
157.655172 7.451200e+09             21.158361        1
337.103448 8.251345e+09             40.854365        1
 29.689655 5.277299e+09              5.625918        2
 17.103448 5.270370e+09              3.245208        2
 17.689655 6.739097e+09              2.624930        2
168.068966 8.138126e+09             20.652048        1
 92.241379 3.358283e+09             27.466826        1
175.793103 8.656098e+09             20.308585        5
133.827586 6.486987e+09             20.630162        4
374.275862 7.990536e+09             46.839894        1
256.275862 6.623305e+09             38.693049        1
 95.000000 8.378561e+09             11.338462        5
101.689655 8.512017e+09             11.946600        2
 37.000000 5.068153e+09              7.300491        2
170.793103 1.000280e+10             17.074534        3
545.068966 8.038761e+09             67.805096        1
 58.896552 8.457004e+09              6.964234        1
100.551724 8.864156e+09             11.343632        3
140.206897 8.577040e+09             16.346770        1
 66.655172 6.259413e+09             10.648789        2
 95.551724 8.592370e+09             11.120532        6
117.896552 5.709512e+09             20.649146        5
114.413793 7.345463e+09             15.576118        2
212.379310 5.682211e+09             37.376175        1
163.413793 7.495806e+09             21.800696        3
156.620690 5.990584e+09             26.144478        5
276.275862 6.421663e+09             43.022479        3
127.206897 7.449994e+09             17.074765        4
 87.827586 9.500869e+09              9.244163        1
590.931034 1.279018e+10             46.201944        1
 42.758621 7.312465e+09              5.847361        1
207.000000 7.839564e+09             26.404529        2
 48.103448 8.100468e+09              5.938354        2
 58.793103 1.092589e+10              5.381080        1
 10.689655 6.993952e+09              1.528414        4
121.413793 8.292092e+09             14.642119        2
 81.448276 7.137673e+09             11.411041        1
182.827586 1.031387e+10             17.726381        1
 14.482759 6.912981e+09              2.095009        3
266.000000 5.743500e+09             46.313225        1
252.310345 6.255084e+09             40.336841        1
310.103448 9.119252e+09             34.005361        4
 97.586207 8.098345e+09             12.050142        2
264.724138 8.331447e+09             31.774088        3
211.034483 8.919518e+09             23.659852        1
 17.103448 9.118767e+09              1.875632        3
109.689655 7.110504e+09             15.426425        1
 38.103448 6.835010e+09              5.574747        4
113.310345 8.448480e+09             13.411921        5
219.413793 8.755899e+09             25.058968        1
326.310345 8.579029e+09             38.035813        1
306.068966 6.882652e+09             44.469629        1
223.068966 7.311618e+09             30.508839        3
 51.827586 4.804985e+09             10.786212        2
 25.931034 7.799221e+09              3.324824        4
 19.068966 6.623609e+09              2.878939        5
246.551724 7.153630e+09             34.465263        1
308.172414 7.211399e+09             42.734067        1
107.965517 6.033548e+09             17.894199        1
281.172414 8.854002e+09             31.756535        1
213.000000 8.485386e+09             25.101980        1
159.862069 8.694402e+09             18.386781        3
231.551724 6.436533e+09             35.974601        1
206.379310 7.345157e+09             28.097331        1
 75.275862 6.740566e+09             11.167587        4
352.689655 1.152272e+10             30.608200        3
 33.448276 8.909130e+09              3.754382        3
292.172414 7.223086e+09             40.449802        3
336.241379 8.901559e+09             37.773314        1
 70.862069 4.942945e+09             14.336002        1
353.931034 7.477301e+09             47.334063        1
 56.965517 7.894510e+09              7.215840        2
209.034483 8.134305e+09             25.697890        1
107.068966 8.812082e+09             12.150246        1
106.275862 8.091267e+09             13.134638        1
 20.310345 8.150876e+09              2.491799        2
211.931034 7.843750e+09             27.019095        1
230.620690 8.850037e+09             26.058725        1
236.620690 5.458739e+09             43.347135        3
 78.965517 6.930774e+09             11.393464        6
 35.275862 7.520287e+09              4.690760        1
385.931034 7.348317e+09             52.519652        4
 54.965517 6.346827e+09              8.660314        4
111.862069 1.124931e+10              9.943904        1
159.758621 6.065394e+09             26.339364        4
 56.655172 6.529792e+09              8.676413        1
 19.034483 8.305371e+09              2.291828        1
314.379310 8.605161e+09             36.533808        3
267.758621 8.514264e+09             31.448239        3
304.172414 9.138029e+09             33.286435        5
 19.241379 9.208330e+09              2.089562        6
241.517241 8.980720e+09             26.892859        2
433.965517 1.293085e+10             33.560489        1
 13.896552 7.646813e+09              1.817300        3
456.241379 7.536666e+09             60.536236        1
 97.344828 8.865050e+09             10.980742        1
607.000000 1.352301e+10             44.886446        1
124.379310 1.240522e+10             10.026369        1
126.517241 9.686832e+09             13.060745        1
367.379310 7.679781e+09             47.837211        3
 40.620690 9.003873e+09              4.511468        2
433.965517 9.072297e+09             47.834141        1
119.068966 9.270890e+09             12.843315        2
 45.068966 8.673760e+09              5.196013        5
276.586207 1.255232e+10             22.034675        1
 31.896552 8.683805e+09              3.673108        2
202.034483 1.081995e+10             18.672409        1
182.448276 8.443222e+09             21.608846        1
158.482759 9.377847e+09             16.899696        1
 67.689655 9.036584e+09              7.490624        1
 21.344828 8.504459e+09              2.509839        1
166.620690 1.257424e+10             13.250952        1
207.586207 8.449282e+09             24.568502        1
148.275862 1.126770e+10             13.159367        1
312.206897 8.414149e+09             37.104986        1
 23.517241 8.684668e+09              2.707903        5
232.034483 9.697777e+09             23.926564        1
 31.000000 1.186580e+10              2.612551        5
616.827586 8.747321e+09             70.516174        8
521.896552 8.793963e+09             59.347139        1
301.275862 7.963119e+09             37.833902        3
 75.172414 8.331035e+09              9.023178        2
150.448276 7.716696e+09             19.496463        1
 65.482759 7.659302e+09              8.549442        5
 56.310345 9.406260e+09              5.986476        1
142.931034 1.028094e+10             13.902525        1
196.758621 1.219810e+10             16.130266        1
170.965517 7.166337e+09             23.856752        3
 40.620690 8.947256e+09              4.540017        5
163.448276 7.815739e+09             20.912710        8
173.137931 1.194717e+10             14.491964        1
 45.965517 1.179849e+10              3.895880        5
312.551724 1.183531e+10             26.408420        1
245.517241 7.673257e+09             31.996483        1
128.931034 8.965946e+09             14.380082        5
149.896552 7.501582e+09             19.981993        1
474.827586 1.233472e+10             38.495221        5
425.827586 8.634398e+09             49.317578        1
318.724138 9.269706e+09             34.383413        1
193.413793 1.270211e+10             15.226905        1
111.241379 7.852002e+09             14.167263        1
320.482759 8.830584e+09             36.292364        1
493.206897 9.220262e+09             53.491634        1
212.724138 1.213128e+10             17.535174        5
 66.275862 8.260289e+09              8.023432        5
143.413793 9.361311e+09             15.319841        5
203.275862 1.137375e+10             17.872372        1
 79.103448 1.226937e+10              6.447228        1
410.965517 7.759275e+09             52.964421        1
244.965517 8.628494e+09             28.390298        1
360.241379 1.260141e+10             28.587390        1
130.310345 8.115899e+09             16.056181        1
160.655172 7.421624e+09             21.646903        1
237.344828 1.462151e+10             16.232583        1
158.344828 8.929424e+09             17.732927        2
 44.827586 9.354307e+09              4.792187        5
469.034483 1.108694e+10             42.305134        1
 73.931034 8.840811e+09              8.362472        5
371.896552 8.951200e+09             41.547116        1
198.965517 1.153613e+10             17.247170        1
143.413793 8.578251e+09             16.718303        1
265.827586 1.140540e+10             23.307160        1
315.862069 1.195007e+10             26.431826        1
559.482759 1.239749e+10             45.128715        1
 14.965517 9.623216e+09              1.555147        5
121.034483 1.296097e+10              9.338380        1
176.206897 1.031085e+10             17.089470        1
 58.793103 8.901402e+09              6.604926        5
 25.482759 8.063055e+09              3.160435        5
421.275862 9.427317e+09             44.686717        1
 36.344828 6.844100e+09              5.310388        5
167.103448 1.293326e+10             12.920443        1
254.620690 1.251246e+10             20.349370        1
126.379310 1.150666e+10             10.983146        1
199.241379 1.150527e+10             17.317395        1
 46.000000 9.476463e+09              4.854132        6
377.172414 8.147961e+09             46.290403        1
571.344828 1.333923e+10             42.831923        1
135.000000 9.840911e+09             13.718242        5
114.655172 9.280434e+09             12.354506        5
135.758621 8.566528e+09             15.847567        1
 84.896552 1.306337e+10              6.498823        1
429.793103 1.134920e+10             37.869906        1
 10.689655 9.651607e+09              1.107552        1
 21.413793 1.071946e+10              1.997657        2
288.241379 1.130116e+10             25.505472        1
177.724138 1.087497e+10             16.342494        5
234.620690 1.111997e+10             21.099032        1
254.551724 1.325000e+10             19.211452        5
116.034483 1.269244e+10              9.142017        7
 77.793103 1.344911e+10              5.784256        5
 61.275862 8.174919e+09              7.495592        2
 18.172414 1.106665e+10              1.642088        5
 19.310345 8.305332e+09              2.325054        2
116.068966 9.900148e+09             11.723962        8
103.620690 8.843945e+09             11.716569        5
171.241379 1.222447e+10             14.008084        1
 88.689655 6.721034e+09             13.195835        2
453.310345 1.269887e+10             35.696915        1
314.551724 1.233934e+10             25.491771        1
391.068966 8.923147e+09             43.826350        1
375.034483 1.264142e+10             29.667123        1
539.482759 1.185453e+10             45.508568        1
189.965517 5.072799e+09             37.447871        1
185.655172 6.363310e+09             29.175879        1
351.103448 9.067227e+09             38.722250        1
366.655172 9.820734e+09             37.334802        1
160.896552 1.249729e+10             12.874515        1
402.172414 7.614978e+09             52.813336        1
252.620690 8.005594e+09             31.555521        1
414.137931 1.231039e+10             33.641328        1
389.241379 9.354164e+09             41.611561        3
205.655172 8.833061e+09             23.282436        3
 47.137931 9.221331e+09              5.111836        8
343.000000 1.102149e+10             31.121018        1
329.517241 1.285754e+10             25.628321        1
354.241379 8.908070e+09             39.766345        3
 23.517241 1.215164e+10              1.935314        1
465.172414 8.157287e+09             57.025385        1
 28.862069 7.402556e+09              3.898933        5
179.551724 1.072766e+10             16.737261        1
 40.206897 5.793404e+09              6.940117        5
 17.103448 7.661637e+09              2.232349        7
 60.137931 8.738210e+09              6.882180        5
261.310345 1.071934e+10             24.377463        1
211.758621 9.495128e+09             22.301818        1
152.965517 8.403008e+09             18.203661        1
284.758621 9.745327e+09             29.220016        1
 22.068966 4.579619e+09              4.818952        7
343.965517 7.774889e+09             44.240570        1
311.931034 7.373008e+09             42.307160        8
 26.620690 9.835948e+09              2.706469        7
133.586207 9.101451e+09             14.677463        1
 54.517241 7.489154e+09              7.279493        5
612.965517 1.259415e+10             48.670671        1